[paper.png]
backuphash=9160
text=1;129;5;Paper;Helvetica;0.117783,0.096147,0.083333,0.000000;v1,4278190080,4278190080,128.000000,1.000000,0.500000,1.000000,700,2,49160;;
textactive=1
